0.728
0.736
0.774
0.681
0.701
0.686
0.665
0.714
0.768
0.658
0.677
0.762
0.638
0.62
0.629
0.612
0.601
0.526
0.579
0.535
0.48
0.48
0.45
0.474
0.433
0.429
0.347
0.377
0.257
0.426
0.313
0.305
0.204
0.291
0.179
0.26
0.153
0.155
0.169
0.103
0.11
0.047
0.08
0.052
0.05
0.045
0.018
0.009
0.005
0.063
0.005
0.014
0.028
0.002
0.004
0.007
0.038
0.001
0.003
0.014
0.12
0.002
0.021
0.123
0.004
0.001
0.163
0.23
0.015
0.036
0.165
0.064
0.007
0.002
0.004
0.015
0.091
0.061
0.002
0.003
0.004
0.035
0.015
0.005
0.002
0.005
0.004
0.002
0.002
0.003
