0.71
0.984
0.73
0.765
0.667
0.697
0.674
0.688
0.642
0.713
0.68
0.699
0.674
0.671
0.683
0.661
0.674
0.635
0.657
0.647
0.569
0.597
0.601
0.549
0.604
0.534
0.555
0.507
0.392
0.71
0.444
0.47
0.475
0.44
0.365
0.497
0.464
0.375
0.25
0.31
0.385
0.321
0.307
0.294
0.403
0.31
0.311
0.237
0.285
0.297
0.326
0.242
0.251
0.179
0.089
0.176
0.293
0.118
0.228
0.122
0.11
0.127
0.063
0.11
0.056
0.031
0.051
0.056
0.032
0.066
0.084
0.067
0.052
0.009
0.054
0.021
0.035
0.005
0.015
0.037
0.004
0.023
0.012
0.066
0.007
0.004
0.012
0.237
0.077
0.234
0.021
0.005
0.027
0.065
0.159
0.101
0.016
0.016
0.137
0.054
0.009
0.06
0.042
0.037
0.011
0.015
0.07
0.034
0.006
0.02
0.006
0.039
0.005
0.003
0.004
0.01
0.002
0.023
0.004
0.013
0.005
0.003
0.003
0.003
0.008
0.002
0.005
0.003
0.004
0.012
0.01
0.001
0.004
0.005
0.001
0.006
0.001
0.003
0.002
0.003
0.001
0.002
0.001
0.001
0.006
0.001
0.001
0.001
0.004
0.0
0.012
0.001
0.001
0.001
0.063
0.0
0.003
0.001
0.001
0.001
0.002
0.001
0.001
0.001
0.001
0.002
0.0
0.001
0.0
0.001
0.001
0.0
0.004
0.016
0.008
0.001
0.0
0.002
0.023
0.001
