1.614
1.18
0.981
0.977
1.14
1.219
1.107
1.042
0.938
1.003
0.996
1.093
1.063
1.041
0.962
1.05
0.928
0.834
0.762
0.902
0.996
0.756
0.858
0.788
0.869
0.656
0.632
0.654
0.549
0.701
0.581
0.532
0.625
0.356
0.572
0.504
0.451
0.334
0.316
0.327
0.467
0.138
0.652
0.22
0.198
0.787
0.074
0.202
0.337
0.258
0.097
0.13
0.205
0.108
0.167
0.093
0.096
0.146
0.095
0.147
0.04
0.026
0.125
0.111
0.087
0.068
0.033
0.012
0.013
0.024
0.025
0.035
0.019
0.007
0.004
0.006
0.005
0.025
0.003
0.006
0.007
0.002
0.003
0.01
0.009
0.005
0.012
0.005
0.002
0.002
