1.508
2.112
1.511
1.742
1.401
1.271
1.33
1.793
1.142
1.243
1.231
1.714
1.303
1.281
1.257
1.102
1.265
1.048
0.995
1.041
1.001
0.938
0.904
0.822
0.793
0.888
0.781
0.745
0.719
0.745
0.624
0.733
0.783
0.533
0.553
0.681
0.521
0.526
0.438
0.507
0.403
0.39
0.369
0.263
0.421
0.249
0.283
0.347
0.192
0.362
0.135
0.191
0.201
0.25
0.186
0.283
0.197
0.195
0.283
0.113
0.193
0.215
0.061
0.094
0.18
0.185
0.07
0.038
0.067
0.164
0.045
0.045
0.027
0.027
0.022
0.026
0.041
0.035
0.028
0.017
0.019
0.013
0.009
0.014
0.01
0.01
0.018
0.009
0.013
0.014
